33
20.000 50.000 0.000
60.000 50.000 0.000
39.916 31.845 0.000
100.000 50.000 0.000
100.000 0.000 0.000
75.354 25.215 0.000
100.000 0.000 0.000
50.000 0.000 0.000
75.354 25.215 0.000
75.354 25.215 0.000
50.000 0.000 0.000
39.916 31.845 0.000
60.000 50.000 0.000
100.000 50.000 0.000
75.354 25.215 0.000
60.000 50.000 0.000
75.354 25.215 0.000
39.916 31.845 0.000
0.000 20.000 0.000
14.142 25.858 0.000
0.000 0.000 0.000
14.142 25.858 0.000
50.000 0.000 0.000
0.000 0.000 0.000
20.000 40.000 0.000
20.000 50.000 0.000
39.916 31.845 0.000
14.142 25.858 0.000
20.000 40.000 0.000
39.916 31.845 0.000
50.000 0.000 0.000
14.142 25.858 0.000
39.916 31.845 0.000
